0.949
0.955
0.960
0.963
0.968
0.971
0.977
0.977
0.979
0.982
0.985
0.986
0.987
0.992
0.995
0.996
0.999
0.999
1.001
1.003
1.004
1.005
1.005
1.007
1.007
1.007
1.009
1.011
1.012
1.015
1.016
1.017
1.018
1.028
1.030
1.033
1.036
1.037
1.037
1.040
1.042
1.045
1.045
1.046
1.046
1.047
1.047
1.048
1.050
1.050
1.051
1.051
1.053
1.053
1.053
1.055
1.055
1.055
1.056
1.056
1.058
1.058
1.058
1.059
1.059
1.060
1.062
1.062
1.063
1.064
1.065
1.065
1.065
1.065
1.068
1.069
1.072
1.072
1.073
1.074
1.075
1.075
1.075
1.075
1.077
1.077
1.079
1.079
1.079
1.081
1.084
1.085
1.086
1.086
1.086
1.086
1.088
1.089
1.090
1.090
1.092
1.092
1.092
1.093
1.095
1.095
1.095
1.096
1.096
1.097
1.097
1.097
1.097
1.101
1.101
1.101
1.103
1.104
1.104
1.104
1.106
1.106
1.106
1.106
1.107
1.107
1.107
1.108
1.108
1.108
1.109
1.109
1.109
1.109
1.110
1.112
1.112
1.113
1.113
1.113
1.114
1.114
1.114
1.115
1.115
1.116
1.117
1.120
1.121
1.121
1.121
1.121
1.121
1.122
1.123
1.123
1.124
1.124
1.125
1.125
1.126
1.126
1.127
1.127
1.128
1.129
1.129
1.129
1.130
1.130
1.131
1.131
1.132
1.133
1.133
1.133
1.133
1.134
1.134
1.136
1.137
1.138
1.139
1.140
1.140
1.142
1.144
1.145
1.146
1.148
1.148
1.148
1.149
1.149
1.150
1.151
1.151
1.152
1.152
1.152
1.153
1.153
1.156
1.156
1.157
1.157
1.157
1.157
1.157
1.158
1.158
1.158
1.160
1.161
1.161
1.163
1.163
1.163
1.165
1.165
1.166
1.167
1.168
1.170
1.171
1.171
1.171
1.172
1.174
1.175
1.176
1.176
1.179
1.179
1.180
1.180
1.181
1.182
1.184
1.185
1.187
1.191
1.194
1.197
1.200
1.207
1.208
1.208
1.210
1.212
1.213
1.216
1.216
1.219
1.221
1.222
1.222
1.222
1.222
1.223
1.224
1.226
1.226
1.228
1.229
1.232
1.232
1.234
1.236
1.237
1.238
1.238
1.238
1.239
1.240
1.242
1.242
1.243
1.244
1.244
1.245
1.245
1.246
1.246
1.246
1.246
1.246
1.247
1.247
1.248
1.248
1.248
1.248
1.248
1.249
1.249
1.249
1.250
1.250
1.251
1.251
1.253
1.253
1.253
1.254
1.255
1.255
1.258
1.260
1.261
1.262
1.263
1.268
1.269
1.270
1.271
1.272
1.272
1.272
1.272
1.273
1.273
1.273
1.273
1.274
1.274
1.274
1.275
1.276
1.277
1.277
1.277
1.278
1.279
1.280
1.281
1.282
1.282
1.282
1.283
1.284
1.287
1.287
1.287
1.287
1.287
1.287
1.288
1.288
1.289
1.289
1.290
1.290
1.292
1.296
1.301
1.302
1.302
1.304
1.307
1.307
1.307
1.309
1.310
1.312
1.313
1.314
1.315
1.315
1.315
1.318
1.318
1.321
1.321
1.323
1.328
1.330
1.351
1.354
1.355
1.364
1.382
1.393
1.394
1.404
1.407
1.408
1.412
1.417
1.419
1.419
1.423
1.423
1.425
1.428
1.429
1.431
1.433
1.433
1.434
1.434
1.435
1.435
1.435
1.436
1.436
1.437
1.437
1.437
1.439
1.440
1.442
1.443
1.443
1.444
1.444
1.445
1.446
1.446
1.446
1.447
1.451
1.451
1.453
1.453
1.454
1.455
1.455
1.457
1.458
1.459
1.461
1.462
1.465
1.467
1.471
1.478
1.480
1.480
1.481
1.482
1.483
1.484
1.484
1.485
1.486
1.487
1.489
1.489
1.489
1.490
1.495
1.496
1.499
1.500
1.502
1.504
1.508
1.509
1.511
1.513
1.514
1.514
1.515
1.515
1.516
1.519
1.520
1.521
1.521
1.522
1.523
1.526
1.528
1.528
1.528
1.530
1.530
1.531
1.533
1.534
1.537
1.539
1.539
1.540
1.540
1.541
1.543
1.547
1.549
1.549
1.550
1.552
1.554
1.556
1.558
1.558
1.562
1.562
1.562
1.563
1.563
1.564
1.565
1.566
1.566
1.566
1.568
1.569
1.569
1.576
1.577
1.578
1.579
1.579
1.583
1.584
1.584
1.586
1.586
1.588
1.598
1.599
1.599
1.600
1.603
1.610
1.611
1.611
1.612
1.617
1.618
1.630
1.635
1.637
1.639
1.644
1.649
1.658
1.660
1.661
1.664
1.664
1.665
1.668
1.670
1.673
1.681
1.686
1.688
1.690
1.691
1.692
1.699
1.701
1.710
1.711
1.715
1.716
1.724
1.726
1.730
1.732
1.737
1.739
1.739
1.739
1.748
1.752
1.758
1.758
1.758
1.767
1.768
1.780
1.785
1.786
1.787
1.800
1.822
1.824
1.827
1.835
1.837
1.838
1.853
1.853
1.861
1.863
1.870
1.884
1.889
1.890
1.893
1.893
1.896
1.898
1.908
1.909
1.917
1.920
1.926
1.930
1.939
1.941
1.944
1.948
1.948
1.952
1.952
1.953
1.956
1.959
1.959
1.963
1.964
1.965
1.969
1.971
1.978
1.979
1.980
1.981
1.988
1.989
1.992
1.993
2.014
2.014
2.016
2.029
2.035
2.040
2.045
2.055
2.074
2.075
2.076
2.077
2.090
2.092
2.097
2.098
2.102
2.104
2.104
2.112
2.129
2.132
2.141
2.149
2.159
2.169
2.173
2.191
2.194
2.200
2.204
2.206
2.213
2.216
2.228
2.231
2.237
2.241
2.246
2.247
2.255
2.255
2.257
2.258
2.264
2.268
2.274
2.277
2.278
2.279
2.280
2.280
2.281
2.284
2.285
2.286
2.287
2.290
2.292
2.298
2.310
2.321
2.331
2.333
2.335
2.340
2.341
2.342
2.342
2.354
2.360
2.360
2.360
2.366
2.366
2.369
2.371
2.373
2.382
2.382
2.387
2.388
2.402
2.408
2.410
2.424
2.428
2.429
2.462
2.485
2.519
2.523
2.528
2.542
2.543
2.548
2.549
2.551
2.554
2.557
2.572
2.584
2.592
2.605
2.607
2.610
2.623
2.626
2.631
2.632
2.642
2.645
2.652
2.653
2.654
2.655
2.655
2.662
2.664
2.666
2.667
2.670
2.673
2.682
2.684
2.684
2.689
2.691
2.694
2.695
2.700
2.707
2.709
2.717
2.718
2.718
2.720
2.722
2.727
2.727
2.735
2.736
2.743
2.746
2.747
2.753
2.756
2.756
2.759
2.760
2.771
2.772
2.775
2.775
2.775
2.777
2.779
2.780
2.784
2.784
2.788
2.793
2.795
2.796
2.798
2.801
2.804
2.804
2.809
2.813
2.821
2.821
2.828
2.832
2.835
2.835
2.835
2.838
2.840
2.841
2.842
2.848
2.851
2.851
2.860
2.861
2.862
2.870
2.870
2.871
2.873
2.877
2.887
2.888
2.893
2.896
2.901
2.909
2.911
2.912
2.913
2.914
2.917
2.917
2.917
2.918
2.921
2.922
2.926
2.931
2.937
2.938
2.944
2.950
2.951
2.955
2.958
2.960
2.966
2.971
2.974
2.975
2.979
2.992
3.002
3.005
3.005
3.011
3.013
3.017
3.017
3.026
3.029
3.030
3.030
3.032
3.033
3.035
3.037
3.047
3.048
3.050
3.050
3.053
3.057
3.060
3.070
3.083
3.092
3.092
3.097
3.104
3.106
3.113
3.117
3.119
3.122
3.124
3.142
3.143
3.147
3.148
3.155
3.158
3.158
3.159
3.163
3.180
3.185
3.193
3.200
3.212
3.213
3.243
3.250
3.258
3.273
3.290
3.310
3.317
3.324
3.328
3.332
3.339
3.346
3.350
3.358
3.368
3.369
3.373
3.377
3.381
3.386
3.415
3.419
3.427
3.427
3.435
3.438
3.441
3.450
3.451
3.463
3.469
3.476
3.482
3.485
3.492
3.494
3.495
3.497
3.500
3.505
3.511
3.518
3.520
3.533
3.542
3.543
3.554
3.557
3.563
3.563
3.567
3.568
3.568
3.572
3.584
3.587
3.589
3.602
3.603
3.604
3.611
3.617
3.621
3.622
3.623
3.629
3.631
3.633
3.634
3.638
3.638
3.645
3.650
3.652
3.653
3.657
3.662
3.663
3.665
3.671
3.676
3.677
3.682
3.687
3.689
3.695
3.701
3.701
3.702
3.704
3.705
3.706
3.708
3.714
3.715
3.715
3.716
3.727
3.728
3.729
3.730
3.733
3.736
3.737
3.738
3.746
3.751
3.754
3.756
3.764
3.766
3.767
3.771
3.772
3.773
3.779
3.779
3.780
3.794
3.803
3.812
3.814
3.826
3.833
3.837
3.840
3.843
3.848
3.849
3.849
3.851
3.864
3.866
3.884
3.886
3.887
3.889
3.889
3.896
3.903
3.904
3.907
3.914
3.923
3.929
3.932
3.935
3.939
3.973
3.980
3.986
3.996
3.997
4.010
4.014
4.014
4.018
4.026
4.090
4.118
4.131
4.134
4.146
4.164
4.165
